"average(rating)";"countWithOutMissings(movieId)";"standard_deviation(rating)";"userId";"cluster"
1.475457476844581;0.24749494335142908;-0.47750389013414846;1.0;"cluster_2"
0.6055600032378159;-0.5058060800289528;-0.4565857597960213;2.0;"cluster_2"
-2.541063583554405;-0.46869765523188966;4.372377621350356;3.0;"cluster_3"
-0.21152582535043982;0.18812146367612803;1.4546261475167113;4.0;"cluster_3"
-0.04339818700678084;-0.45014344283335805;0.2379662021277124;5.0;"cluster_0"
-0.34036567559388864;0.5517840266873468;-0.2873571166118539;6.0;"cluster_0"
-0.8883225273999544;-0.0493724550250761;1.5124597017295403;7.0;"cluster_3"
-0.17217680361043453;-0.43901091539423914;0.16989994536498698;8.0;"cluster_0"
-0.8246434630058478;-0.44272175787394547;1.2980080723481544;9.0;"cluster_3"
-0.7878133285658916;-0.09390256478155187;0.9341481656724078;10.0;"cluster_3"
0.2580494145547015;-0.3759265932392318;0.025201629713448293;11.0;"cluster_0"
1.5259025622985818;-0.49467355258983386;-0.7534441779094019;12.0;"cluster_2"
-0.025093968316140577;-0.4983843950695402;0.21688690215514042;13.0;"cluster_0"
-0.5438406105140773;-0.4353000729145328;0.37172615277399224;14.0;"cluster_0"
-0.4349954779822192;-0.11245677718008344;0.7752042252760708;15.0;"cluster_0"
0.1399552961358576;-0.24975794892921707;-1.4094626620102004;16.0;"cluster_2"
1.1491071335307428;-0.22378205157127287;-1.5731400450061663;17.0;"cluster_2"
0.1557300778790793;1.249422412872134;-1.10839986913935;18.0;"cluster_2"
-2.184245371342563;1.9953017512931033;6.981966345288844E-4;19.0;"cluster_1"
-0.13796998357508886;0.2846033681484922;0.8933270966432972;20.0;"cluster_0"
-0.8249497609042432;1.0304827065694615;0.2871992267930324;21.0;"cluster_0"
-2.2590802780357127;-0.17183025685538447;2.3165031595814862;22.0;"cluster_3"
-0.017605878851787576;-0.16440857189597186;-1.1745376341053995;23.0;"cluster_2"
-0.015026648036288342;-0.20522783917274132;-1.4550303975069316;24.0;"cluster_2"
2.3936442630226966;-0.5169386074680717;-2.070209161592358;25.0;"cluster_2"
-0.8720272617005276;-0.5354928198666034;-1.135758875416686;26.0;"cluster_0"
-0.22693752553194121;-0.11245677718008344;0.5109145450754746;27.0;"cluster_0"
-1.3254267345213713;1.5017597014921633;-0.5010639749366468;28.0;"cluster_1"
1.0085671056851406;-0.3128422710842244;-0.9071223602986359;29.0;"cluster_2"
2.2430140712034916;-0.4872518676304212;-1.4032078871778424;30.0;"cluster_2"
0.5467298235794618;-0.4278783879551202;0.2998744633457027;31.0;"cluster_0"
0.20323022365174834;-0.23491457901039184;-0.3360865516369486;32.0;"cluster_0"
0.27305359381794236;-0.03452908510625084;0.42852868981375264;33.0;"cluster_0"
-0.49646307289216385;-0.29428805868569285;1.6139343612037347;34.0;"cluster_3"
0.8940961441921005;-0.5280711349071907;-0.10131999628528549;35.0;"cluster_2"
-2.1302824979474457;-0.39076996315805707;0.23976492539829733;36.0;"cluster_3"
1.0104018318972248;-0.5354928198666034;-0.06334563594458927;37.0;"cluster_2"
-0.9139436990073599;-0.3239747985233434;0.4711227018435033;38.0;"cluster_0"
0.7131761855396842;-0.24233626396980446;0.4771620116884879;39.0;"cluster_0"
0.22838095652932833;-0.23120373653068552;0.42570164607511213;40.0;"cluster_0"
-0.8400675147803623;0.19183230615583435;0.8178571638482951;41.0;"cluster_3"
-0.1899844716876581;1.0193501791303425;0.5107648562704334;42.0;"cluster_0"
1.8629701332912187;-0.19038446925391606;-0.9302672777234103;43.0;"cluster_2"
-0.6305314240350269;-0.4353000729145328;0.8660393371620726;44.0;"cluster_3"
0.4550591768607683;0.8672056374623835;0.18603973467604562;45.0;"cluster_0"
0.7131761855396842;-0.4575651277927707;-0.269502565278704;46.0;"cluster_2"
-1.2559437215790168;-0.09390256478155187;0.18287144206848502;47.0;"cluster_0"
0.7762240499185562;-0.49096271011012754;-1.0010743914794769;48.0;"cluster_2"
1.2580898705285068;-0.5354928198666034;-2.5224040981125744;49.0;"cluster_2"
-1.8237885249830579;0.5369406567685217;-0.3017503638227508;50.0;"cluster_0"
0.24663955121524472;0.718771938274131;1.1810163401654792;51.0;"cluster_0"
1.7054525741487017;-0.131010989578615;-1.1111951240520033;52.0;"cluster_2"
2.793755710042462;-0.5392036623463097;-3.4839794099077266;53.0;"cluster_2"
-1.3043554745842219;-0.49096271011012754;-2.003059514771944;54.0;"cluster_2"
-1.7002960628835386;-0.5206494499477781;3.2627642928594978;55.0;"cluster_3"
0.3061062785717494;-0.44272175787394547;-0.7834725640943441;56.0;"cluster_2"
-0.5500328114798598;1.15294050839977;0.5506256051595214;57.0;"cluster_0"
0.5088335536688758;-0.19780615421332867;0.42195797107910143;58.0;"cluster_0"
1.4520735867649694;-0.21636036661186026;0.13859309598768893;59.0;"cluster_2"
0.1457454061298352;-0.531781977386897;-0.844075991326894;60.0;"cluster_2"
0.8198725714116211;-0.46869765523188966;-0.8339466375518075;61.0;"cluster_2"
0.8837154908267968;0.7447478356320753;-0.8011103071906515;62.0;"cluster_2"
-0.054565336417060274;0.3922178000599753;0.4213098372634232;63.0;"cluster_0"
0.23226853916041512;1.3050850500677287;-0.6856592125434411;64.0;"cluster_2"
0.7743697009662363;-0.4872518676304212;-1.4708434336975857;65.0;"cluster_2"
0.7553908425585806;0.6668201435582426;-0.71808008640587;66.0;"cluster_2"
0.6553823098590517;-0.4798301826710086;-0.5065287605324659;67.0;"cluster_2"
-0.8811091564503413;4.062241012489521;-0.11414672679646054;68.0;"cluster_1"
1.4820860098124506;-0.44272175787394547;-0.4819991041580525;69.0;"cluster_2"
1.3843308708631603;-0.3833482781986444;-1.1244811458605313;70.0;"cluster_2"
-0.11905562426142688;-0.4835410251507149;0.712499766909086;71.0;"cluster_0"
1.0368218893512282;-0.44643260035365173;-1.4483577010728759;72.0;"cluster_2"
0.11377113205197933;0.16585640879789015;0.3214182884338834;73.0;"cluster_0"
1.277401141337048;0.043398606967581764;-1.0640857835015676;74.0;"cluster_2"
-0.8849501158899856;-0.3573723808407002;1.301824821506472;75.0;"cluster_3"
-1.1925647234586585;-0.17183025685538447;1.373485070513822;76.0;"cluster_3"
0.7131761855396842;-0.5058060800289528;1.487213620439145;77.0;"cluster_0"
-1.0263247283888677;-0.38705912067835074;0.9454372890582546;78.0;"cluster_3"
1.135793901454311;-0.3759265932392318;-0.26038707728484933;79.0;"cluster_2"
1.2551235467125632;0.006290182170518619;-1.7604469657732777;80.0;"cluster_2"
-1.847537075386812;-0.5169386074680717;0.9378927141743305;81.0;"cluster_3"
-0.5745833879961759;0.2289407309528975;-0.5980626606929867;82.0;"cluster_0"
-0.7238342487567264;-0.1755410993350908;1.3231676778232448;83.0;"cluster_3"
0.06698937076237092;0.47385633461351423;-0.627338852588574;84.0;"cluster_0"
0.10124103127416154;-0.4872518676304212;1.627643980985484;85.0;"cluster_3"
0.5645633623609139;-0.3536615383609939;-1.4789562828005667;86.0;"cluster_2"
0.6141009700871712;-0.5354928198666034;-0.5789280278320617;87.0;"cluster_2"
0.7874825971290689;-0.4056133330768823;0.7985094321936806;88.0;"cluster_0"
-0.3833454557523208;1.308795892547435;0.9985544002309944;89.0;"cluster_0"
0.8672931873547054;-0.41303501803629494;-0.39965321183192454;90.0;"cluster_2"
-0.5442175270946031;1.520313913890695;0.16675937423771672;91.0;"cluster_0"
0.5831399652582605;-0.5243602924274844;-1.0490748935615049;92.0;"cluster_2"
1.3137558420971869;-0.2534687914089234;-1.2503142615688818;93.0;"cluster_2"
-1.2930969273737092;-0.4056133330768823;0.3054787920747357;94.0;"cluster_3"
0.8432124058211078;0.010001024650224934;-0.48171292833801704;95.0;"cluster_2"
0.4731093173278251;-0.3239747985233434;1.167236008747407;96.0;"cluster_0"
1.1177333153041136;-0.4798301826710086;-0.3956678278565075;97.0;"cluster_2"
0.5322562268872688;-0.272023003807455;0.6999449653943228;98.0;"cluster_0"
0.4383826634355433;-0.41674586051600127;1.061317501283964;99.0;"cluster_0"
0.6007124274584531;-0.06421582494390135;-0.9457012496830174;100.0;"cluster_2"
-0.20773606301072545;-0.38705912067835074;0.48850968787397164;101.0;"cluster_0"
-0.6243392230692445;-0.4056133330768823;-0.492361317107635;102.0;"cluster_0"
0.5200189352542808;0.7855671029088447;-0.521030888807363;103.0;"cluster_2"
-0.31187123587285676;0.39963948501938795;-0.5929645363392826;104.0;"cluster_0"
0.95523806927685;2.0658077584075234;-1.1812660882085477;105.0;"cluster_2"
1.6273702190333292;-0.49096271011012754;-0.5221396196361701;106.0;"cluster_2"
0.529595639260027;-0.4872518676304212;-0.6524903342247607;107.0;"cluster_2"
0.6858001391646478;-0.331396483482756;0.6093233525085536;108.0;"cluster_0"
-0.9086928926160246;-0.14214351701773395;-0.894549773516245;109.0;"cluster_0"
0.14203670822519626;-0.42416754547541385;0.04749208877208951;110.0;"cluster_0"
-0.6604572002195026;1.7837837299498434;0.5402250145792868;111.0;"cluster_1"
-0.13506008214221743;-0.37221575075952545;2.0330641605404467;112.0;"cluster_3"
-0.02196191311796443;-0.05679413998448873;1.1264065864898816;113.0;"cluster_0"
-0.4613445137764001;-0.4983843950695402;-0.16717911541199287;114.0;"cluster_0"
0.23018451020868197;-0.19780615421332867;0.9418035164153281;115.0;"cluster_0"
-0.45864446619176524;-0.29057721620598653;0.5561064164172327;116.0;"cluster_0"
-0.6612672579197268;-0.0011315027888940095;-1.1549816930221153;117.0;"cluster_0"
0.3348889992664521;-0.531781977386897;-0.27925820794258593;118.0;"cluster_0"
1.0809065201029662;0.1844106211964217;-1.3612565085926955;119.0;"cluster_2"
-0.5162571698483209;-0.531781977386897;0.12027202419924463;120.0;"cluster_0"
-0.7575783059191761;-0.39819164811746965;-0.33530504529994437;121.0;"cluster_0"
1.8496571244376048;0.47014549213380796;-1.632678685826459;122.0;"cluster_2"
0.7874825971290689;-0.4056133330768823;-2.1029182559383592;123.0;"cluster_2"
0.6923703902946569;-0.4278783879551202;-0.34244263500909167;124.0;"cluster_2"
0.42131711335248856;0.7224827807538373;-0.468500249874554;125.0;"cluster_2"
-0.7651303187122902;-0.47240849771159593;1.5279597242399372;126.0;"cluster_3"
-1.1309738475423234;-0.531781977386897;1.6348936729045986;127.0;"cluster_3"
1.4697505580861483;-0.49096271011012754;-0.8571341262310226;128.0;"cluster_2"
0.549702080043037;-0.09390256478155187;-1.2047063049718558;129.0;"cluster_2"
-0.2528071651223202;-0.5095169225086591;-0.17267005885562786;130.0;"cluster_0"
-0.4477268824799815;-0.3573723808407002;-0.8163084559764856;131.0;"cluster_0"
-1.2864586024190379;0.6742418285176552;-0.5863231801515151;132.0;"cluster_0"
-1.367403338963094;-0.4835410251507149;-0.9061027436937985;133.0;"cluster_0"
-0.1785007535329346;-0.4835410251507149;-0.7066665805975031;134.0;"cluster_0"
-0.05492306544162779;0.42190453989762583;0.43905879504086043;135.0;"cluster_0"
-0.7113647501559118;-0.201516996693035;1.3226211795843608;136.0;"cluster_3"
0.6689085360821779;-0.09019172230184556;-0.7996447033349127;137.0;"cluster_2"
-0.2798276784275504;-0.531781977386897;2.527415735238051;138.0;"cluster_3"
-3.1476930351871206;0.10648292912258911;-0.12219991236527714;139.0;"cluster_3"
-0.3288245796101447;1.6427717157210033;-0.44968656287591174;140.0;"cluster_1"
-0.2466149641565377;0.010001024650224934;-0.6646627591875615;141.0;"cluster_0"
0.32991153628917264;-0.47240849771159593;-0.605415231508952;142.0;"cluster_2"
-0.693412788772053;-0.3499506958812876;1.508459045914581;143.0;"cluster_3"
-0.058913872381268634;-0.13843267453802766;-0.8241917063147235;144.0;"cluster_2"
-0.6437235043534315;-0.5280711349071907;-0.5712299119981067;145.0;"cluster_0"
-1.0748218433298908;-0.49467355258983386;0.21999486847279112;146.0;"cluster_0"
-0.5871860172745521;-0.5392036623463097;1.930036036565755;147.0;"cluster_3"
0.1713586010337527;-0.4353000729145328;-0.9132722918383757;148.0;"cluster_2"
-1.9413563112397225;-0.39819164811746965;1.3311736600202329;149.0;"cluster_3"
-0.1670689979037985;-0.5169386074680717;-0.8431676788008325;150.0;"cluster_2"
-0.23895342736836706;-0.39448080563776333;-0.18705123915734523;151.0;"cluster_0"
0.7627137932659406;-0.3796374357189381;-1.0172725522387476;152.0;"cluster_2"
-2.9946722408088418;0.050820291926994395;1.8972275539942316;153.0;"cluster_3"
1.5086918860848648;-0.4872518676304212;1.049569094366661;154.0;"cluster_0"
-0.10096362839618543;-0.44272175787394547;-0.799943085544669;155.0;"cluster_2"
0.07279680927940728;0.8634947949826772;-0.02918436524252884;156.0;"cluster_0"
-0.3766511844379613;-0.5354928198666034;0.3884578202579503;157.0;"cluster_0"
-0.4871581555196112;-0.5169386074680717;-0.7383010441518862;158.0;"cluster_0"
-0.7989975925783145;-0.2534687914089234;0.9559400379277889;159.0;"cluster_3"
-1.9744374107573825;1.0082176516912236;2.3269670745800894;160.0;"cluster_3"
0.3664129314558881;-0.46869765523188966;0.7687289891771083;161.0;"cluster_0"
1.2059450202903415;-0.47240849771159593;-0.40316989723055574;162.0;"cluster_2"
-1.367403338963094;-0.5280711349071907;-0.9504248438971449;163.0;"cluster_0"
1.2333210666653787;-0.4798301826710086;-0.19872146923053893;164.0;"cluster_2"
-0.24709128730775215;-0.37221575075952545;-0.7387956273074362;165.0;"cluster_0"
0.8664820452398884;0.09163955920376385;-1.0626261352262485;166.0;"cluster_2"
-0.4533915247306596;0.028555237048756506;0.7719327000894535;167.0;"cluster_0"
1.6759975612404372;-0.26460131884804233;-0.7390757156245377;168.0;"cluster_2"
1.2313874425719737;0.3847961151005627;-1.225379002801159;169.0;"cluster_2"
-0.6600063006321496;-0.4278783879551202;-0.7880029004718508;170.0;"cluster_0"
2.032568079126811;-0.30913142860451814;-1.2345071308943312;171.0;"cluster_2"
0.353075883221896;-0.5169386074680717;-1.4296719742640434;172.0;"cluster_2"
-0.36872516720176046;-0.5206494499477781;-0.03300899657890037;173.0;"cluster_0"
-0.0010526064538065644;-0.3647940658001128;0.24830786576064842;174.0;"cluster_0"
-0.2404227631907561;-0.5243602924274844;2.879761962439732;175.0;"cluster_3"
0.8287639369009492;-0.4798301826710086;-0.2520319928499406;176.0;"cluster_2"
-0.5860352542632118;2.7411810897140723;0.12041933852468548;177.0;"cluster_1"
0.9023197786763002;-0.3276856410030497;-0.44010464663064125;178.0;"cluster_2"
0.2608762889086453;-0.3573723808407002;-0.8369785099916639;179.0;"cluster_2"
-0.19707735643028124;-0.5243602924274844;-0.5358143387131502;180.0;"cluster_0"
-1.490827548043767;-0.1755410993350908;3.141088584988468E-4;181.0;"cluster_0"
-0.3036884234163816;3.0120725907326333;0.27846093586455994;182.0;"cluster_1"
0.3481622338725299;-0.401902490597176;-0.29826479341810236;183.0;"cluster_0"
0.09987102719744755;-0.11616761965978976;0.5281457133150614;184.0;"cluster_0"
-0.260712102525446;-0.43901091539423914;0.007179179920209087;185.0;"cluster_0"
0.8788860591726495;0.22522988847319117;-1.3206540107038638;186.0;"cluster_2"
0.24544900561270314;0.34397684782379323;0.4311576803939228;187.0;"cluster_0"
1.5367389139886998;-0.4353000729145328;-0.6105902249714018;188.0;"cluster_2"
0.9212341379899612;-0.5392036623463097;-2.176518479242519;189.0;"cluster_2"
0.5240325924030681;-0.36850490827981913;-0.767953648729925;190.0;"cluster_2"
0.17467324978602403;-0.2979989011653992;1.8981236753281623;191.0;"cluster_3"
0.8077479821079931;-0.531781977386897;-0.5324776609173184;192.0;"cluster_2"
0.2970602806391282;-0.4835410251507149;0.5970932819454103;193.0;"cluster_0"
-0.37912806482427414;-0.5392036623463097;-1.2462158816673685;194.0;"cluster_2"
-0.2659200612851528;0.08050703176464491;0.3989714001927274;195.0;"cluster_0"
0.5831399652582605;-0.49467355258983386;-0.18611765756992188;196.0;"cluster_2"
0.4159505391821446;-0.4835410251507149;0.5037026195965881;197.0;"cluster_0"
-0.3452055725769463;0.24007325839201643;0.954635549209101;198.0;"cluster_0"
-0.5449152900205355;0.7336153081929563;0.3536096921346137;199.0;"cluster_0"
0.3176169046836167;0.6260008762814732;-0.33266328704730874;200.0;"cluster_0"
0.9212341379899612;-0.20522783917274132;0.22006626842397717;201.0;"cluster_0"
0.33629701608880863;0.8820490073812088;-0.7180935284614375;202.0;"cluster_2"
0.38953048172814114;-0.44643260035365173;0.22709911929497917;203.0;"cluster_0"
0.6254409043859523;-0.3054205861248118;0.509448237866235;204.0;"cluster_0"
0.44347143236339787;-0.5132277649883654;-1.0624356246680768;205.0;"cluster_2"
0.7963993665197954;-0.5206494499477781;-0.324984647936915;206.0;"cluster_2"
-1.6274757795259411;-0.5392036623463097;1.9982467949536775;207.0;"cluster_3"
-0.7272250237314704;-0.5169386074680717;0.1623897562052024;208.0;"cluster_0"
1.2184597843475018;-0.4835410251507149;-0.09296207021933103;209.0;"cluster_2"
0.8790194809710649;-0.1013242497409645;-0.24746364006768048;210.0;"cluster_2"
0.514469152300655;-0.2831555312465739;-0.5419399030949382;211.0;"cluster_2"
-0.13835132146447685;0.3068684230267301;-1.200425935731428;212.0;"cluster_2"
0.354028529524324;-0.3017097436451055;-1.3507366091951456;213.0;"cluster_2"
-1.651118728668018;-0.531781977386897;-1.7269408128382953;214.0;"cluster_0"
0.5221025557384087;-0.24975794892921707;-0.24249059961164746;215.0;"cluster_2"
0.015420857200337704;-0.004842345268600324;0.31464608632482194;216.0;"cluster_0"
-1.862941039741896;1.661325928119535;-0.2005344322425207;217.0;"cluster_1"
-0.6071915896255403;-0.5169386074680717;0.4414267224023501;218.0;"cluster_0"
-1.0226103306411376;1.3459043173444982;0.6190287441333298;219.0;"cluster_0"
0.6377928694345107;0.15472388135877121;0.443177646845956;220.0;"cluster_0"
0.9771772128179824;0.6148683488423542;-0.6576504742713312;221.0;"cluster_2"
-1.022027137895633;0.3142901079861427;-0.3802148676346205;222.0;"cluster_0"
-0.7987116022656677;-0.33510732596246234;0.2521594810656358;223.0;"cluster_0"
1.2525856918922569;-0.41303501803629494;1.2008003342038636;224.0;"cluster_0"
-0.008091382954612255;-0.33510732596246234;0.1965825612256309;225.0;"cluster_0"
-0.37635806249875314;1.2679766252706655;-0.057399640992003065;226.0;"cluster_0"
1.1337188553859898;-0.26460131884804233;-1.5294069548934988;227.0;"cluster_2"
0.17222550916896232;-0.5206494499477781;-0.8759355010792598;228.0;"cluster_2"
0.16902461759280382;-0.37221575075952545;-0.8875019343061777;229.0;"cluster_2"
-1.659283200314203;-0.0976134072612582;0.6870658111039574;230.0;"cluster_3"
0.40975833821636204;-0.5243602924274844;0.08445483247267978;231.0;"cluster_0"
-0.8460516251665743;2.585325705566407;-0.6263884706067846;232.0;"cluster_1"
-0.7432294816122609;-0.05679413998448873;-0.6540420477681701;233.0;"cluster_0"
-0.3168136780755525;0.13616966896023963;0.5401725768544493;234.0;"cluster_0"
-0.023028876976683613;-0.37221575075952545;-0.06873715629819595;235.0;"cluster_0"
0.6438235347229251;-0.5020952375492465;1.594619615349856;236.0;"cluster_0"
-0.618394710142094;-0.4278783879551202;-0.8256806076809937;237.0;"cluster_0"
0.051173609561527174;-0.45014344283335805;-0.26531446753790616;238.0;"cluster_0"
0.7691057426499748;0.42190453989762583;-0.6595160518517598;239.0;"cluster_2"
0.5343763826527267;-0.13843267453802766;-0.04994473176367045;240.0;"cluster_0"
0.672112115977129;-0.331396483482756;-1.158533869145527;241.0;"cluster_2"
-0.11905562426142688;-0.4835410251507149;-0.30053656261635453;242.0;"cluster_0"
1.0021455639428487;-0.4798301826710086;-0.35242215333739624;243.0;"cluster_2"
0.24336790581325082;-0.26831216132774866;1.0893111720052548;244.0;"cluster_0"
-1.961854631678173;-0.5354928198666034;-0.09296207021933353;245.0;"cluster_3"
1.238420526284259;0.14359135391965225;-0.6098378677391905;246.0;"cluster_2"
0.18609603933231356;-0.05679413998448873;-0.24236002532891923;247.0;"cluster_0"
0.18283238517623096;-0.42416754547541385;-1.0962523133185493;248.0;"cluster_2"
0.08164272566431899;3.268120721832369;-0.9560932472428854;249.0;"cluster_1"
1.1755271909847462;-0.5132277649883654;0.3217621668986357;250.0;"cluster_2"
2.52237577206384;-0.5280711349071907;-1.5038001549313746;251.0;"cluster_2"
1.1238168811652332;-0.47240849771159593;-1.150259546649393;252.0;"cluster_2"
1.4435924015885324;-0.43901091539423914;-1.0087515928383806;253.0;"cluster_2"
0.6722198956872674;-0.14214351701773395;-0.4579757344995322;254.0;"cluster_2"
-2.2658354063620205;-0.45014344283335805;2.1541476221219376;255.0;"cluster_3"
0.5995813264432679;0.03226607952846282;-0.8540714961965241;256.0;"cluster_2"
-0.9512874340625379;-0.5392036623463097;0.2936157784389365;257.0;"cluster_0"
1.1292920904402401;-0.5206494499477781;1.4276762268301153;258.0;"cluster_0"
-1.1162989135920691;-0.5058060800289528;3.076073121738937;259.0;"cluster_3"
0.2135633391952667;-0.0493724550250761;-0.14818254098994718;260.0;"cluster_0"
0.4187545547138196;-0.41674586051600127;0.674849480271143;261.0;"cluster_0"
-1.1483949679628016;-0.401902490597176;0.11513537425608056;262.0;"cluster_0"
0.12367865359723063;0.16585640879789015;-0.5386296276975056;263.0;"cluster_0"
-0.19707735643028124;-0.4056133330768823;0.2919944808785301;264.0;"cluster_0"
-0.6398387199651895;-0.00855318774830664;-0.0022349342014827394;265.0;"cluster_0"
-0.3271135767117049;0.05453113440670071;1.8821546642242655;266.0;"cluster_3"
1.0781901372068374;-0.401902490597176;0.7843048259549436;267.0;"cluster_0"
-0.8029050183615649;-0.13472183205832133;1.300665634012333;268.0;"cluster_3"
-0.07600915134068012;-0.5058060800289528;-0.242956825215698;269.0;"cluster_0"
-0.9512874340625379;-0.46498681275218334;0.9542398018063906;270.0;"cluster_3"
-0.9803187762649028;-0.4538542853130644;-0.702405341244229;271.0;"cluster_0"
-0.058651702582314384;-0.4983843950695402;-0.8281939579127591;272.0;"cluster_2"
0.7131761855396842;-0.4093241755565886;0.2036425673246522;273.0;"cluster_0"
-0.8766277081832781;4.381373465744264;-0.6216008547759423;274.0;"cluster_1"
0.8938716777421593;0.8820490073812088;0.544404961904653;275.0;"cluster_0"
1.5251096585163788;-0.461275970272477;-0.8430171923357096;276.0;"cluster_2"
-0.1785007535329346;-0.5095169225086591;-0.6963992153439676;277.0;"cluster_0"
0.4531037449768369;-0.5392036623463097;0.21784503429886812;278.0;"cluster_0"
-0.01975523786470314;0.03968776448787545;-0.3765918134766518;279.0;"cluster_0"
0.5061797532549689;0.11390461408200174;-0.683331766102513;280.0;"cluster_2"
-0.9215648694267841;-0.5354928198666034;-0.09296207021933353;281.0;"cluster_0"
0.783406718012351;0.26604915574996063;-0.8752860051945797;282.0;"cluster_2"
-0.713506916976506;-0.4835410251507149;0.5686432371732801;283.0;"cluster_0"
0.12210245698775841;-0.2868663737262802;-0.0678087567605289;284.0;"cluster_0"
0.6264853720187353;-0.4798301826710086;0.0059862571387912485;285.0;"cluster_0"
0.27154373930088693;-0.22007120909156658;-0.0053705080902494845;286.0;"cluster_0"
-2.154464672245395;-0.0493724550250761;2.125784730386052;287.0;"cluster_3"
-1.0636978917844895;3.301518304149726;-0.22746992249791317;288.0;"cluster_1"
-0.06704113614885761;-0.5243602924274844;-0.7555133345429951;289.0;"cluster_2"
1.0092886272292179;0.3773744301411501;-0.9121305351828698;290.0;"cluster_2"
1.250099933798465;-0.4983843950695402;-0.12736015874498788;291.0;"cluster_2"
-0.7399639980536238;1.0416152340085805;-0.02655248771969998;292.0;"cluster_0"
-2.1600050625832;-0.5354928198666034;-0.7031082026751992;293.0;"cluster_0"
-2.1767821013554784;1.0082176516912236;0.9385334672091299;294.0;"cluster_3"
0.18034484389872926;-0.461275970272477;2.1075781911910414;295.0;"cluster_3"
1.0599394396234811;-0.5132277649883654;1.4598239187217052;296.0;"cluster_0"
-2.205414536332268;-0.34623985340158125;1.3465799937312952;297.0;"cluster_3"
-2.691307775481102;2.8710605765037935;0.5837235823915522;298.0;"cluster_1"
-0.010503649069978213;-0.5280711349071907;-0.5712299119981067;299.0;"cluster_0"
1.3308482318764463;-0.49467355258983386;-1.0105830956543727;300.0;"cluster_2"
-0.7012528771705373;-0.19038446925391606;1.0920859364006774;301.0;"cluster_3"
0.7131761855396842;-0.49467355258983386;-0.04248213697307715;302.0;"cluster_2"
0.5168950983224405;-0.41674586051600127;0.41673056471669057;303.0;"cluster_0"
0.44347143236339787;0.18812146367612803;0.14378539550341632;304.0;"cluster_0"
0.5564412435165794;1.8988198468207391;-0.03432670711472022;305.0;"cluster_1"
-0.7079339361073029;-0.19780615421332867;-0.7443116209158942;306.0;"cluster_0"
-2.0630637748481253;3.0046509057732207;0.6373096913934534;307.0;"cluster_1"
-2.5614750660690357;-0.18667362677420973;2.1486658182136815;308.0;"cluster_3"
0.3798794655950641;-0.23120373653068552;-0.47016897913329503;309.0;"cluster_2"
-0.26209546657099303;-0.3759265932392318;1.7333437411562136;310.0;"cluster_3"
-2.742071953366715;-0.5095169225086591;1.259851192736604;311.0;"cluster_3"
0.10672923893573504;0.21409736103407223;-0.23393316978858125;312.0;"cluster_0"
-0.46785866219277555;0.648265931159711;1.2211389819190726;313.0;"cluster_3"
-1.269876173752026;-0.13843267453802766;-0.08797395435330527;314.0;"cluster_0"
-0.6108289664166289;-0.49096271011012754;-0.39397748851792214;315.0;"cluster_0"
-1.367403338963094;-0.41674586051600127;-0.5824914163331059;316.0;"cluster_0"
0.15174996464210927;0.08792871672405754;0.24618377390914753;317.0;"cluster_0"
0.20545797392893805;2.6484100277214147;-1.437440728811971;318.0;"cluster_1"
1.604853124612304;-0.4835410251507149;-1.4387233757088365;319.0;"cluster_2"
-0.2750990885991356;-0.5392036623463097;-0.5303731156632095;320.0;"cluster_0"
-0.1785007535329346;-0.4056133330768823;-0.9144861046468846;321.0;"cluster_2"
-0.5118379270180262;-0.21636036661186026;0.1275780267609036;322.0;"cluster_0"
-1.0064864826717954;-0.24975794892921707;-0.478386210439043;323.0;"cluster_0"
-1.0701776926055544;-0.5354928198666034;1.162076925691858;324.0;"cluster_3"
-0.23464337562269283;0.38850695758026904;-0.0169973569468541;325.0;"cluster_0"
0.747396243508479;-0.0493724550250761;-0.12410733625839147;326.0;"cluster_2"
0.9299032193420574;-0.4353000729145328;0.046288663033366276;327.0;"cluster_2"
-0.8982530540261928;0.3328443203846743;1.24232002577143;328.0;"cluster_3"
-1.6387832769417174;-0.5280711349071907;3.0792813794752787;329.0;"cluster_3"
0.06878617086574663;0.3031575805470238;0.46426741212942757;330.0;"cluster_0"
-0.06084893518307509;0.010001024650224934;0.4390113537681366;331.0;"cluster_0"
-0.12061411079663487;0.3773744301411501;-0.8056723759381861;332.0;"cluster_0"
-2.1164119677840936;-0.5206494499477781;1.2296124443398968;333.0;"cluster_3"
-0.49599178486939755;-0.04195077006566347;-1.4294040338224439;334.0;"cluster_2"
0.04441848123521939;-0.5095169225086591;1.3190382528707763;335.0;"cluster_0"
1.381933889844148;-0.4056133330768823;-1.0425851418950796;336.0;"cluster_2"
1.1455043984233784;-0.3276856410030497;-0.4765929847248123;337.0;"cluster_2"
-1.500773821303016;-0.46869765523188966;2.1392837961556146;338.0;"cluster_3"
0.8589849931867785;0.7633020480306068;-0.6182210329180291;339.0;"cluster_2"
1.159014655075994;-0.5095169225086591;-0.9052504121558066;340.0;"cluster_2"
0.2930591661689305;-0.42045670299570753;-1.0367040153231522;341.0;"cluster_2"
-1.493499067720838;-0.36850490827981913;-0.26286566517554194;342.0;"cluster_0"
0.8366003946203581;-0.39448080563776333;-0.2279849878530912;343.0;"cluster_2"
0.23072296246657592;-0.3573723808407002;1.4302798080554924;344.0;"cluster_0"
0.5118297799426413;-0.3833482781986444;-0.8521799261104203;345.0;"cluster_2"
0.05348023874612073;-0.004842345268600324;-0.9432320708507185;346.0;"cluster_2"
-0.21152582535043982;-0.44643260035365173;-1.2817454071812835;347.0;"cluster_2"
2.112838774750644;-0.4093241755565886;-1.8580534175921748;348.0;"cluster_2"
0.15085739513352814;-0.47611934019130225;-0.4609447731845921;349.0;"cluster_0"
-0.8472584578373994;-0.46498681275218334;-1.273043347866698;350.0;"cluster_0"
0.019649677372091168;-0.09019172230184556;-0.9564643150998133;351.0;"cluster_2"
0.25672251434774845;0.47756717709322055;-0.18288774754979537;352.0;"cluster_0"
-0.35023112698395786;-0.2794446887668676;0.5877757449677423;353.0;"cluster_0"
0.16080994009646882;0.22522988847319117;-1.335144393472173;354.0;"cluster_2"
0.4731093173278251;-0.5169386074680717;-0.6069293921637358;355.0;"cluster_2"
0.7563716081937208;0.459012964694689;-0.6885016143980467;356.0;"cluster_2"
0.6235428639879979;0.8078321577870826;-0.8022593268012317;357.0;"cluster_2"
-0.8345719973221389;-0.461275970272477;1.9311659748323844;358.0;"cluster_3"
-0.49580921383355187;-0.3388181684421686;0.12991556862713521;359.0;"cluster_0"
-0.618394710142094;-0.5206494499477781;2.243946138465097;360.0;"cluster_3"
-0.992041053614655;-0.2534687914089234;-0.18261137886288176;361.0;"cluster_0"
1.2190051525059553;-0.2089386816524476;-1.3814831976593163;362.0;"cluster_2"
-0.7432294816122609;-0.5020952375492465;0.32536935028087804;363.0;"cluster_0"
1.1094770473497375;-0.5354928198666034;-0.4266702643853905;364.0;"cluster_2"
-1.885670440734544;0.41448285493821324;0.5737993448681489;365.0;"cluster_3"
0.6125029827411628;-0.4983843950695402;-0.9006513091789868;366.0;"cluster_2"
0.4207704145284831;0.07308534680523228;0.6283246967289998;367.0;"cluster_0"
-1.6956824110594815;1.1269646110418257;-0.3945035052000302;368.0;"cluster_0"
-0.5529129049523168;-0.13472183205832133;-0.9115581289745016;369.0;"cluster_0"
-0.22644037391318345;-0.26831216132774866;-0.42323258161224675;370.0;"cluster_0"
1.85495763191316;-0.461275970272477;-1.4776119009239865;371.0;"cluster_2"
-0.6268580844790543;0.2623383132702543;0.39275446382660345;372.0;"cluster_0"
-0.9720932293075661;-0.24233626396980446;1.602656767936018;373.0;"cluster_3"
-0.04339818700678084;-0.49096271011012754;-0.12045313122269474;374.0;"cluster_0"
0.5240325924030681;-0.49096271011012754;0.7293644907152794;375.0;"cluster_0"
0.8461455536470044;-0.11987846213949607;-0.7046271918861341;376.0;"cluster_2"
0.5305298914039441;-0.12730014709890872;-0.00780698070159325;377.0;"cluster_0"
0.7131761855396842;-0.4353000729145328;-1.1909390540923899;378.0;"cluster_2"
-0.5582890794342359;-0.4798301826710086;0.24995358495604592;379.0;"cluster_0"
0.0333152243310585;3.906385628341855;0.1273684017274581;380.0;"cluster_1"
-0.2393254111208705;1.1455188234403573;-0.26923064383194073;381.0;"cluster_0"
-0.30923918217130303;0.46643464965410164;0.744758861874026;382.0;"cluster_0"
0.28482157755381776;-0.4872518676304212;0.1909164394625529;383.0;"cluster_0"
-1.1890679511485698;-0.3536615383609939;1.0283149021402822;384.0;"cluster_3"
-0.5289608440142131;0.1324588264805333;-0.18263016438595994;385.0;"cluster_0"
-1.8875482200887883;-0.36108322332040654;-0.21341862864376399;386.0;"cluster_3"
-0.8295320013238658;3.197614714717949;-0.2548041451879073;387.0;"cluster_1"
-0.07600915134068012;-0.5058060800289528;1.1089946063214484;388.0;"cluster_0"
0.9579502472458925;-0.4872518676304212;-0.310832585856688;389.0;"cluster_2"
0.37925601494047323;-0.3128422710842244;0.3301550559687501;390.0;"cluster_0"
0.120264922080343;0.8189646852262015;0.977432085438536;391.0;"cluster_0"
-0.9512874340625379;-0.5206494499477781;1.2445683524276099;392.0;"cluster_3"
0.38332821214290197;-0.1569868869365592;2.6130939783918987;393.0;"cluster_3"
-1.457863318289302;-0.5280711349071907;0.3547129252769136;394.0;"cluster_3"
-1.2650797557908264;-0.38705912067835074;-0.3831699595125239;395.0;"cluster_0"
-1.0701776926055544;-0.5095169225086591;1.9965653264335006;396.0;"cluster_3"
0.622716206213476;-0.5280711349071907;-0.3855217527752542;397.0;"cluster_2"
1.2333210666653787;-0.44272175787394547;0.0975145958587515;398.0;"cluster_2"
0.5975884341784191;-0.4798301826710086;1.4521450328928485;399.0;"cluster_0"
1.7776587329597102;-0.4538542853130644;-1.2574555235930418;400.0;"cluster_2"
-0.26931970103107233;-0.34623985340158125;-1.2343607029753936;401.0;"cluster_2"
0.40975833821636204;-0.4353000729145328;-0.28877214080703406;402.0;"cluster_2"
0.2236280621272657;-0.4872518676304212;-0.5136529552784062;403.0;"cluster_2"
-0.5351715291619829;-0.39076996315805707;-1.627471333400611;404.0;"cluster_2"
0.7305143482438748;-0.16811941437567818;-1.7618502049437257;405.0;"cluster_2"
-0.8472584578373994;-0.5392036623463097;1.487213620439145;406.0;"cluster_3"
0.9496056769604537;-0.531781977386897;-0.2590539431213213;407.0;"cluster_2"
0.905002666522209;-0.09019172230184556;-0.8592022015104127;408.0;"cluster_2"
0.3829254673646403;-0.14585435949744027;0.6438698982586452;409.0;"cluster_0"
0.8377617858093122;0.006290182170518619;-0.35074623249180453;410.0;"cluster_2"
-0.8267803129111909;-0.14214351701773395;0.03397673484360338;411.0;"cluster_0"
0.4887999623089923;-0.23491457901039184;0.5746449763201451;412.0;"cluster_0"
1.5676999188176106;-0.4056133330768823;1.2708369213638415;413.0;"cluster_0"
-0.5519056194813713;9.3984324983072;0.0232667836440514;414.0;"cluster_1"
0.8902467833697072;-0.26460131884804233;-1.0096597458894985;415.0;"cluster_2"
-1.2246184696344715;-0.42416754547541385;1.8967270724595517;416.0;"cluster_3"
1.675832383443955;-0.3647940658001128;-0.7608809705609849;417.0;"cluster_2"
-0.03627987973819852;-0.26831216132774866;2.189233574738284;418.0;"cluster_3"
0.3037718274923633;-0.03823992758595716;0.5075711352718069;419.0;"cluster_0"
0.3442791067271346;-0.09019172230184556;-1.4240596866730415;420.0;"cluster_2"
0.9381037017021462;-0.47611934019130225;0.03495289041358136;421.0;"cluster_2"
-0.6962486536396167;-0.26831216132774866;0.5176498492661312;422.0;"cluster_0"
0.12518631991933402;-0.5280711349071907;1.6406345578886847;423.0;"cluster_3"
0.03472634059312586;-0.1013242497409645;-0.2204591704761685;424.0;"cluster_0"
-0.25912078179331366;0.5220972868496964;-1.469211065950168;425.0;"cluster_2"
0.051173609561527174;-0.2868663737262802;1.0757716226143235;426.0;"cluster_0"
-1.1568685061265032;-0.3017097436451055;0.4158601095969161;427.0;"cluster_3"
-2.1164119677840936;0.49983223197145843;0.2871879768398982;428.0;"cluster_3"
0.677304124772395;-0.39819164811746965;-0.3762695961478045;429.0;"cluster_2"
0.17509527403034464;-0.39819164811746965;0.4390567314373004;430.0;"cluster_0"
-1.9395627082013576;-0.5392036623463097;1.0564660139742434;431.0;"cluster_3"
-0.023028876976683613;0.3513985327832059;-0.2573641893076863;432.0;"cluster_0"
0.2403172026981441;-0.531781977386897;0.21651388735682667;433.0;"cluster_0"
0.2577703668716937;0.2512057858311354;0.40786088219952993;434.0;"cluster_0"
1.381933889844148;-0.4575651277927707;-1.4164672946763295;435.0;"cluster_2"
-0.9944692732503321;-0.22007120909156658;-0.6529168982843364;436.0;"cluster_0"
0.3038818528506126;-0.16069772941626553;0.2470643713087229;437.0;"cluster_0"
-0.6285518700254928;1.7429644626730738;-0.2272746881268754;438.0;"cluster_1"
0.9608642241709664;-0.5354928198666034;-0.6403401743756746;439.0;"cluster_2"
0.49250866021363215;-0.49096271011012754;-1.1944159937054866;440.0;"cluster_2"
1.799701048335579;-0.44643260035365173;-0.5688621362113728;441.0;"cluster_2"
-4.956403018730386;-0.5392036623463097;-0.8637336437892555;442.0;"cluster_3"
0.9662196412224551;-0.47611934019130225;-0.3087160738233491;443.0;"cluster_2"
0.31687532372963073;-0.4575651277927707;-0.03802672469628193;444.0;"cluster_0"
0.4159505391821446;-0.3276856410030497;-0.05095199471334505;445.0;"cluster_0"
-0.9215648694267841;-0.3017097436451055;-0.029407140298903043;446.0;"cluster_0"
0.44643522085984083;-0.3239747985233434;-0.4948773966888435;447.0;"cluster_2"
-1.6849596022254543;6.303589870232134;0.3855191406720645;448.0;"cluster_1"
-0.7651303187122902;-0.47240849771159593;0.581987667452817;449.0;"cluster_0"
0.7131761855396842;-0.42416754547541385;-0.6718479680312661;450.0;"cluster_2"
0.28482157755381776;-0.4872518676304212;0.07256474678781008;451.0;"cluster_0"
1.871914782106826;0.13616966896023963;-1.2100938423399028;452.0;"cluster_2"
0.592756791838559;0.5406514992482279;0.23096321908386935;453.0;"cluster_0"
0.22770762982236917;-0.44643260035365173;-0.8087089387342684;454.0;"cluster_2"
-0.4183670646284932;-0.401902490597176;-0.8201136030449016;455.0;"cluster_0"
0.3260916228414931;-0.4538542853130644;-0.2810331852052854;456.0;"cluster_0"
-0.41033675769181605;-0.4278783879551202;0.9565535462057645;457.0;"cluster_0"
1.0305527231757003;-0.39448080563776333;-0.15095013766533166;458.0;"cluster_2"
1.4333767901752605;-0.5169386074680717;-0.7861944579351182;459.0;"cluster_2"
1.131829382543292;-0.30913142860451814;-1.0339751727303017;460.0;"cluster_2"
-1.4829910903243588;-0.5132277649883654;3.2571266809978794;461.0;"cluster_3"
-0.5214534224070195;1.0750128163259371;0.6775749822584568;462.0;"cluster_0"
0.2718411348875801;-0.49096271011012754;-1.0418027690924303;463.0;"cluster_2"
0.20056963602450653;-0.1013242497409645;0.597646086146795;464.0;"cluster_0"
1.038832111114032;-0.18667362677420973;-0.7309986751384386;465.0;"cluster_2"
0.5658785200881599;-0.19409531173362238;-1.0513572635415103;466.0;"cluster_2"
-0.5162571698483209;-0.531781977386897;1.913202614172844;467.0;"cluster_3"
-0.5477811020377569;-0.49096271011012754;0.14720329360170897;468.0;"cluster_0"
0.03307277107856143;1.1121212411230004;0.3314124513343222;469.0;"cluster_0"
-0.30110633265541975;-0.31655311356393073;-0.9476602878863761;470.0;"cluster_0"
0.4531037449768369;-0.5095169225086591;-0.6081707321337055;471.0;"cluster_2"
0.9642806109107089;-0.5058060800289528;-0.2820961558529577;472.0;"cluster_2"
-0.49580921383355187;-0.47611934019130225;0.6352628042275937;473.0;"cluster_0"
-0.537342911967441;7.209035435280475;-0.3617639560616479;474.0;"cluster_1"
1.5655426359005007;-0.03823992758595716;-1.61151083606267;475.0;"cluster_2"
0.04980300381416055;-0.3573723808407002;-0.7125556496376818;476.0;"cluster_2"
0.16529024408728624;1.6130849758833528;0.0034718713117598723;477.0;"cluster_0"
-1.745690525236326;-0.531781977386897;0.5561124835550348;478.0;"cluster_3"
-0.700698297962204;0.058241976886407025;0.9924115438930605;479.0;"cluster_3"
-0.7949950965759663;2.4888438010940432;0.46100041057531155;480.0;"cluster_1"
-1.7700961501571797;-0.4983843950695402;0.32605654902371606;481.0;"cluster_3"
-0.5221679071338403;-0.13843267453802766;0.9193568598958282;482.0;"cluster_0"
-0.07990186123163619;2.088072813285761;0.1234910478580912;483.0;"cluster_1"
0.32732325554098696;0.4070611699788006;-0.33793951358379515;484.0;"cluster_0"
0.4417962475610607;-0.5280711349071907;1.6215382456514846;485.0;"cluster_0"
0.7503293913343774;-0.4056133330768823;0.20431022065409143;486.0;"cluster_0"
-1.0701776926055544;-0.4056133330768823;0.14730851325092617;487.0;"cluster_0"
0.4695047096970162;-0.201516996693035;0.448787372530376;488.0;"cluster_0"
-1.330479473944912;1.791205414909256;1.0202954546447491;489.0;"cluster_1"
-1.0359835916971651;-0.19409531173362238;-0.15047345104482204;490.0;"cluster_0"
1.0382667362432432;-0.3759265932392318;-0.7875129941910559;491.0;"cluster_2"
0.43805823188642423;-0.16440857189597186;-0.4179120637260949;492.0;"cluster_2"
0.06512682544865467;-0.38705912067835074;0.6062314431625753;493.0;"cluster_0"
1.1860351683812251;-0.531781977386897;0.9973131712101087;494.0;"cluster_0"
0.7328042942614078;0.36995274518173743;0.8257104455036125;495.0;"cluster_0"
-0.5064738805481513;-0.5058060800289528;0.30958610982986595;496.0;"cluster_0"
-0.18432870738308244;-0.42416754547541385;0.6328958137961713;497.0;"cluster_0"
0.8320664440826996;-0.4835410251507149;0.37669290880828665;498.0;"cluster_0"
0.3664129314558881;-0.5132277649883654;0.7815931328729795;499.0;"cluster_0"
-0.8593548504217179;-0.29428805868569285;1.5391125486561923;500.0;"cluster_3"
-0.9512874340625379;-0.44643260035365173;0.15235547596889126;501.0;"cluster_0"
-0.4757263998904751;-0.4835410251507149;2.849268261676423;502.0;"cluster_3"
-0.6556261332121436;-0.260890476368336;0.6111837501854476;503.0;"cluster_0"
0.34249822427769505;-0.29057721620598653;-1.2464927894354616;504.0;"cluster_2"
1.082311262467597;-0.4983843950695402;-8.186584081971903E-4;505.0;"cluster_2"
-0.8224896539742712;-0.4575651277927707;0.8731506803461812;506.0;"cluster_3"
-0.574801615342988;-0.5354928198666034;-0.9698022187286286;507.0;"cluster_0"
-3.14456501614255;-0.5243602924274844;0.49139868968680195;508.0;"cluster_3"
-0.9174278957622792;1.119542926082413;-0.936480018428744;509.0;"cluster_0"
-1.5696819038453087;-0.21264952413215393;0.90155935868604;510.0;"cluster_3"
0.9732486261025314;-0.42045670299570753;-1.28663251201737;511.0;"cluster_2"
0.25544869014907257;-0.4278783879551202;-0.0641882603628298;512.0;"cluster_0"
0.4856128000471928;-0.49467355258983386;-0.32783242760917114;513.0;"cluster_2"
-0.720170161945227;0.859783952502971;0.08570234447282349;514.0;"cluster_0"
2.4736665524266495;-0.5169386074680717;-2.2074948793272937;515.0;"cluster_2"
0.07299787030806057;-0.5169386074680717;-0.33646776395439054;516.0;"cluster_0"
-2.644359022126674;0.8709164799420899;1.580054909662304;517.0;"cluster_3"
-0.2404227631907561;-0.5243602924274844;0.9801912895716456;518.0;"cluster_0"
1.3933656454732841;-0.5169386074680717;-0.8835827207915564;519.0;"cluster_2"
0.46708613425440954;0.0767961892849386;-0.4086784584467132;520.0;"cluster_2"
-0.11905562426142688;-0.46498681275218334;-1.2648698040506658;521.0;"cluster_2"
0.359477666374212;0.128747984000827;0.5093572726289861;522.0;"cluster_0"
2.155711322528277;-0.33510732596246234;-1.7951028138362857;523.0;"cluster_2"
-0.41446615216792865;-0.12730014709890872;0.5595975178743892;524.0;"cluster_0"
-0.23972923668258858;1.2420007279127214;-0.742278469402986;525.0;"cluster_0"
1.1077688539798654;-0.39819164811746965;-1.2077261619160222;526.0;"cluster_2"
0.9623473860789382;0.006290182170518619;0.03547537770094407;527.0;"cluster_2"
-0.3841157554652059;-0.34252901092187493;1.2744464276556207;528.0;"cluster_3"
-0.9512874340625379;-0.5206494499477781;0.9887789936284769;529.0;"cluster_3"
0.2508251800946222;-0.5132277649883654;-0.4752765177305408;530.0;"cluster_2"
0.2403172026981441;-0.531781977386897;0.6864113348685588;531.0;"cluster_0"
1.2957384524004625;-0.4278783879551202;-0.5396765647750625;532.0;"cluster_2"
1.5070815304157446;-0.47240849771159593;-0.47533001576826234;533.0;"cluster_2"
0.30706306681462275;1.3162175775068476;-0.9422283174359821;534.0;"cluster_2"
-2.0609298471306867;-0.5020952375492465;2.1275706472073024;535.0;"cluster_3"
-0.5351715291619829;-0.46498681275218334;1.6077557972180623;536.0;"cluster_3"
0.8459791339122019;-0.43901091539423914;0.9071065046362989;537.0;"cluster_0"
1.6972340687504572;-0.47611934019130225;-1.2720292203950436;538.0;"cluster_2"
0.3025354899141362;-0.47240849771159593;0.41200400361150386;539.0;"cluster_0"
0.7131761855396842;-0.4575651277927707;-0.37849974341296516;540.0;"cluster_2"
-0.5543032949045366;-0.29057721620598653;0.5826479214795974;541.0;"cluster_0"
-0.3087013685302648;-0.19409531173362238;1.5563692540418195;542.0;"cluster_3"
1.6576497854784444;-0.331396483482756;1.3788211012584561;543.0;"cluster_0"
1.4697505580861483;-0.531781977386897;0.09900781835671682;544.0;"cluster_2"
-0.5984935146903284;-0.5280711349071907;-0.17008464774536874;545.0;"cluster_0"
-0.4571497969931285;-0.3759265932392318;1.0509900260468845;546.0;"cluster_3"
1.0104018318972248;-0.5354928198666034;0.13719348546014978;547.0;"cluster_2"
0.913231909049566;-0.5169386074680717;0.45799551696870505;548.0;"cluster_0"
0.019649677372091168;-0.5354928198666034;1.774799478800451;549.0;"cluster_3"
0.9360954203078382;-0.5095169225086591;-0.27581582929052817;550.0;"cluster_2"
0.121141361494178;-0.1569868869365592;-0.005381063084009881;551.0;"cluster_0"
-1.1183978107646229;0.08421787424435123;0.6886529901647883;552.0;"cluster_3"
1.4150584347695365;-0.3054205861248118;-1.0622806175494015;553.0;"cluster_2"
0.7131761855396842;-0.2831555312465739;1.2896031570207425;554.0;"cluster_0"
-0.4207036591287849;1.531446441329814;0.5995209243623231;555.0;"cluster_0"
0.8757214608914637;-0.49467355258983386;-1.5684664106498398;556.0;"cluster_2"
0.40494218190964254;-0.5132277649883654;0.3389022641851206;557.0;"cluster_0"
0.5645633623609139;-0.4056133330768823;0.5606493652691682;558.0;"cluster_0"
-0.7729520462480147;-0.09390256478155187;-0.22455643037331405;559.0;"cluster_0"
-0.18628832505321943;1.0861453437650561;-1.3353508696515608;560.0;"cluster_2"
-0.5928509615244362;1.260554940311253;-0.2947427015663285;561.0;"cluster_0"
0.906823197560506;0.24378410087172275;-0.9419152709498937;562.0;"cluster_2"
-0.7422526837134331;0.1769889362370091;-0.8171318102454361;563.0;"cluster_0"
-0.16146234068441342;-0.030818242626544527;-0.4489933050114926;564.0;"cluster_0"
-0.00426502980610096;-0.5058060800289528;-0.2644920974895274;565.0;"cluster_0"
-0.24276575815078183;-0.3388181684421686;0.35986136452993767;566.0;"cluster_0"
-2.937295161997008;0.8152538427464951;1.1046652104545136;567.0;"cluster_3"
0.9845561235183068;-0.5280711349071907;-0.2188678409503263;568.0;"cluster_2"
0.7131761855396842;-0.5392036623463097;-0.7577349113059995;569.0;"cluster_2"
-0.5014029609632467;0.09535040168347017;-0.9978643619798128;570.0;"cluster_0"
-2.2590802780357127;-0.19780615421332867;1.0196556418453697;571.0;"cluster_3"
0.9682149659626063;-0.03823992758595716;0.4254306015879721;572.0;"cluster_0"
1.1550383922484675;0.49612138949175216;0.1700865924147132;573.0;"cluster_2"
0.622716206213476;-0.5280711349071907;0.004286541625223399;574.0;"cluster_0"
-1.0206400848792978;-0.4798301826710086;1.0522255442378932;575.0;"cluster_3"
-1.1593453865128158;-0.5392036623463097;1.7458643127530915;576.0;"cluster_3"
-0.19142360772239359;-0.015974872707719266;-0.262754588074491;577.0;"cluster_0"
0.6361176846321736;-0.5132277649883654;0.7150508740086371;578.0;"cluster_0"
0.6561740067861832;-0.34252901092187493;0.11241213008397788;579.0;"cluster_0"
-0.2650779486875395;1.0045068092115172;0.43919507968560684;580.0;"cluster_0"
1.4933935072282258;-0.46498681275218334;-1.6913377702721442;581.0;"cluster_2"
0.7689059942317231;-0.4056133330768823;-0.9651714251052905;582.0;"cluster_2"
-0.7543754433506681;-0.4056133330768823;-0.4484303020607342;583.0;"cluster_0"
0.9387811942207074;-0.3054205861248118;0.6663923065318469;584.0;"cluster_0"
1.4123873372168478;-0.38705912067835074;-1.2948982770811912;585.0;"cluster_2"
1.4733879348772367;0.1584347238384775;-1.15175999157487;586.0;"cluster_2"
0.6627378940365862;-0.0011315027888940095;-0.03804835932399676;587.0;"cluster_0"
-0.8472584578373994;-0.4056133330768823;0.5219220925487018;588.0;"cluster_0"
0.7651906736522543;-0.46498681275218334;0.17502885533734314;589.0;"cluster_0"
-0.6271971619765285;2.088072813285761;-0.34933883387183945;590.0;"cluster_1"
-0.7894645821567668;-0.41303501803629494;0.8603475931866362;591.0;"cluster_3"
-0.15004297888168094;-0.26460131884804233;0.27023367821443023;592.0;"cluster_0"
-0.8119088057220607;-0.23120373653068552;0.6158402386277552;593.0;"cluster_0"
0.556235919682794;0.24749494335142908;1.6217696490547349;594.0;"cluster_0"
1.1292920904402401;-0.5392036623463097;-0.3517629475082719;595.0;"cluster_2"
-0.337238051283495;0.9117357472188594;-0.8991038194163387;596.0;"cluster_0"
0.6662105077856709;1.0304827065694615;0.4555805997311433;597.0;"cluster_0"
0.31687532372963073;-0.5354928198666034;2.845441549167831;598.0;"cluster_3"
-2.112146695796816;8.58204715277181;-0.42018757781678145;599.0;"cluster_1"
-1.3851278041128552;2.217952300075482;0.5456435253872537;600.0;"cluster_1"
1.5989674682487884;-0.23862542149009813;-1.7745386351087937;601.0;"cluster_2"
-0.5505832293434851;-0.11245677718008344;0.19155648975246678;602.0;"cluster_0"
-0.3105660195178859;2.885903946422619;0.8512420994170178;603.0;"cluster_1"
-0.36872516720176046;-0.24233626396980446;-0.6840481619706125;604.0;"cluster_0"
-0.9296343439885272;0.20667567607465961;-0.40734207660774374;605.0;"cluster_0"
3.6777445442780937E-4;3.524168852932105;-0.7628296374508857;606.0;"cluster_1"
0.26813243698294026;0.08050703176464491;0.14483354647834365;607.0;"cluster_0"
-1.0882401416320957;2.4702895886955116;0.5717455812486318;608.0;"cluster_1"
-0.8050845485569379;-0.47611934019130225;-1.792092336231217;609.0;"cluster_2"
0.06519231673332765;4.218096396637185;-0.26189997020156786;610.0;"cluster_1"

